goal_pos: [ -1.1, -1.6, 3.6 ]
render_offset: [ 50.0, 50.0, 50.0 ]
start_pos: [ -5.0, -4.5, 3.6 ]
# 
gates:
  Gate1:
    position: [ -0.6, -0.86, 3.48 ]
    rotation: [ 0.819152, 0, 0, 0.5735764 ]
    scale: [ 0.604, 0.1, 0.604 ]
    uncertainty: [ 0.0, 0.0, 0.0, 0.0 ]
  Gate2:
    position: [ 9.0, 6.45, 1.05 ]
    rotation: [ 0.7071068, 0, 0, 0.7071068 ]
    scale: [ 0.604, 0.1, 0.604 ]
    uncertainty: [ 0.0, 0.0, 0.0, 0.0 ]
  Gate3:
    position: [ 8.85, -3.8, 1.05 ]
    rotation: [ 0.9396926, 0, 0, -0.3420201 ]
    scale: [ 0.604, 0.1, 0.604 ]
    uncertainty: [ 0.0, 0.0, 0.0, 0.0 ]
  Gate4:
    position: [ -4.3, -5.6, 3.3 ]
    rotation: [ 0.7071068 , 0, 0, -0.7071068 ]
    scale: [ 0.604, 0.1, 0.604 ]
    uncertainty: [ 0.0, 0.0, 0.0, 0.0 ]
  Gate5:
    position: [ -4.3, -5.6, 1.25 ]
    rotation: [ 0.7071068, 0, 0, 0.7071068 ]
    scale: [ 0.604, 0.1, 0.604 ]
    uncertainty: [ 0.0, 0.0, 0.0, 0.0 ]
  Gate6:
    position: [ 4.5, -0.45, 1.05 ]
    rotation: [ 0.0871557, 0, 0, 0.9961947 ]
    scale: [ 0.604, 0.1, 0.604 ]
    uncertainty: [ 0.0, 0.0, 0.0, 0.0 ]
  Gate7:
    position: [ -1.95, 6.81, 1.05 ]
    rotation: [ 0.8660254 , 0, 0, -0.5 ]
    scale: [ 0.604, 0.1, 0.604 ]
    uncertainty: [ 0.0, 0.0, 0.0, 0.0 ]
  N: 7